[gd_scene load_steps=8 format=2]

[ext_resource path="res://Scripts/Camera.gd" type="Script" id=1]
[ext_resource path="res://Models/IPEN.glb" type="PackedScene" id=2]
[ext_resource path="res://Models/Sign.glb" type="PackedScene" id=3]
[ext_resource path="res://Prefabs/Borehole.tscn" type="PackedScene" id=4]
[ext_resource path="res://Fonts/RegularText.tres" type="DynamicFont" id=5]
[ext_resource path="res://Models/Container.glb" type="PackedScene" id=6]
[ext_resource path="res://Prefabs/Container.tscn" type="PackedScene" id=7]

[node name="Scene" type="Spatial"]

[node name="Sun" type="DirectionalLight" parent="."]
transform = Transform( 0.0703545, 0.882127, 0.465729, -0.583395, -0.342326, 0.736521, 0.809136, -0.323521, 0.490544, 19.2174, 19.3857, 21.2817 )
shadow_enabled = true

[node name="Borehole" parent="." instance=ExtResource( 4 )]
transform = Transform( 1, 0, 0, 0, 1, 0, 0, 0, 1, -8.4968, -7.43299, -3.38562 )
title = "SEGRR Borehole"
depth = 300.0

[node name="View" type="Spatial" parent="."]
script = ExtResource( 1 )
speed = 100.0

[node name="Camera" type="Camera" parent="View"]
transform = Transform( 1, 0, 0, 0, -4.37114e-08, 1, 0, -1, -4.37114e-08, 0, 50, 0 )
current = true
far = 500.0

[node name="UI" type="Control" parent="View"]
margin_right = 40.0
margin_bottom = 40.0

[node name="SideView" type="Control" parent="View/UI"]
visible = false
margin_right = 40.0
margin_bottom = 40.0

[node name="Height" type="Label" parent="View/UI/SideView"]
margin_left = 24.0
margin_top = 24.0
margin_right = 120.0
margin_bottom = 41.0
custom_fonts/font = ExtResource( 5 )
text = "0 m"

[node name="Barrel" parent="." instance=ExtResource( 6 )]
transform = Transform( 0.97935, 0, -0.202172, 0, 1, 0, 0.202172, 0, 0.97935, -19.071, -4.10488, 5.07133 )

[node name="Barrel2" parent="." instance=ExtResource( 6 )]
transform = Transform( 0.889121, 0, 0.457672, 0, 1, 0, -0.457672, 0, 0.889121, -18.7594, -4.10488, 3.05839 )

[node name="IPEN" parent="." instance=ExtResource( 2 )]

[node name="Sign" parent="IPEN" instance=ExtResource( 3 )]
transform = Transform( -0.246323, 0, -0.969188, 0, 1, 0, 0.969188, 0, -0.246323, -10.6941, -8.59051, -7.39752 )

[node name="Container" parent="." instance=ExtResource( 7 )]
transform = Transform( 1, 0, 0, 0, 1, 0, 0, 0, 1, -11.22, -4.04345, 5.94355 )

[node name="Sediment" type="CSGBox" parent="."]
transform = Transform( 1, 0, 0, 0, 1, 0, 0, 0, 1, 0, -252.739, -95.5113 )
width = 247.251
height = 500.0
